    unsorted:	 1638.517644 1641.780842 1663.683403 1675.048483 1614.925245 1732.722114 1539.225592 1788.814671 1814.794173 1836.220886 1842.468433 1892.501544 1952.729181 1986.054739 2015.270449 2042.629889 2059.364832 2067.960143 1459.001183 1433.220174 1402.773491 1386.968439 1327.444679 1276.854206 1258.642316 1227.739592 1209.199045 1195.354359 1182.314558 1157.296740 1114.957249 2185.207166 2206.885102 2222.823724 2237.319279 1065.042160 2330.774169 2384.236351 936.1074753 927.8536995 885.0824848 858.3533046 2488.867956 2539.642608 778.0223496 2580.337990 671.3771228 639.9852385 2724.848784 499.3334174 2875.060526 119.4656001 117.1603696 116.2683848 120.9853093 128.8707081 141.0008275 305.1734223 16.46791166 3023.841638 3158.565593 3487.079435 3769.345230 4135.503883 4494.582611 4727.975195 5088.804911 5289.970840 7470.824319 8323.919122 8771.346760 9152.020102 11488.25383 12459.72616 136407.1984 136324.3300 136740.5159 136806.5766 138292.9908 138108.3129 138742.7423 139160.3729 139796.5569 135897.7238 141048.5312 140939.6057 142525.5917 142663.2423 143585.0513 144653.5754 144673.4651 145835.4833 146408.1339 147155.2616 147821.6062 148438.6655 149132.7392 149359.7766 150138.1599 133871.7505 133426.6798 133087.5926 152656.6134 153482.3990 154279.3202 154655.6715 154913.4104 131068.9923 155960.6701 130161.2331 156517.0661 158314.3646 127931.7400 125536.7501 163720.8028 164325.2378 122578.9263 121625.7106 165889.5973 167105.8084 167917.8097 168786.5743 170327.3295 115365.3547 172297.9220 176143.5699 177969.5120 179581.0259 183812.3411 193303.0678 219340.0214 230110.9004 266995.9154 277469.4700 330073.7682 405816.2412 649012.7416 802824.1764 1397715.721 2755339.548 13925393.77
      sorted:	 16.46791166 116.2683848 117.1603696 119.4656001 120.9853093 128.8707081 141.0008275 305.1734223 499.3334174 639.9852385 671.3771228 778.0223496 858.3533046 885.0824848 927.8536995 936.1074753 1065.042160 1114.957249 1157.296740 1182.314558 1195.354359 1209.199045 1227.739592 1258.642316 1276.854206 1327.444679 1386.968439 1402.773491 1433.220174 1459.001183 1539.225592 1614.925245 1638.517644 1641.780842 1663.683403 1675.048483 1732.722114 1788.814671 1814.794173 1836.220886 1842.468433 1892.501544 1952.729181 1986.054739 2015.270449 2042.629889 2059.364832 2067.960143 2185.207166 2206.885102 2222.823724 2237.319279 2330.774169 2384.236351 2488.867956 2539.642608 2580.337990 2724.848784 2875.060526 3023.841638 3158.565593 3487.079435 3769.345230 4135.503883 4494.582611 4727.975195 5088.804911 5289.970840 7470.824319 8323.919122 8771.346760 9152.020102 11488.25383 12459.72616 115365.3547 121625.7106 122578.9263 125536.7501 127931.7400 130161.2331 131068.9923 133087.5926 133426.6798 133871.7505 135897.7238 136324.3300 136407.1984 136740.5159 136806.5766 138108.3129 138292.9908 138742.7423 139160.3729 139796.5569 140939.6057 141048.5312 142525.5917 142663.2423 143585.0513 144653.5754 144673.4651 145835.4833 146408.1339 147155.2616 147821.6062 148438.6655 149132.7392 149359.7766 150138.1599 152656.6134 153482.3990 154279.3202 154655.6715 154913.4104 155960.6701 156517.0661 158314.3646 163720.8028 164325.2378 165889.5973 167105.8084 167917.8097 168786.5743 170327.3295 172297.9220 176143.5699 177969.5120 179581.0259 183812.3411 193303.0678 219340.0214 230110.9004 266995.9154 277469.4700 330073.7682 405816.2412 649012.7416 802824.1764 1397715.721 2755339.548 13925393.77
